// BLE Studio IQ Data Export
// Bit Width: 12
// Q Format: Q12.0
// IQ Format: two_column
// Number Format: signed
// Samples: 6564
//
-12 43
42 167
26 129
6 81
-18 40
-34 4
-52 -17
-70 -29
-82 -52
-91 -45
-30 30
-102 -23
-91 -12
-80 13
-62 32
-32 46
-9 55
13 47
43 34
47 13
55 -6
49 -24
32 -37
13 -54
-18 -58
-38 -44
-56 -30
-61 -12
-67 9
-56 33
-37 45
-15 53
6 55
34 42
54 32
66 8
67 -12
54 -29
41 -45
18 -58
-6 -67
-26 -48
-47 -39
-57 -30
-61 -9
-55 26
-39 47
-15 53
-6 61
15 53
37 49
52 25
58 -3
48 -27
39 -43
17 -56
-9 -55
-36 -48
-45 -32
-60 -15
-67 9
-64 20
-43 47
-32 53
-15 52
6 54
28 41
46 16
43 -9
32 -26
22 -39
-4 -54
-27 -61
-50 -49
-67 -32
-71 -20
-76 -6
-66 31
-58 36
-37 50
-18 52
6 47
26 39
44 12
49 -12
36 -31
32 -49
17 -56
-9 -58
-36 -54
-45 -37
-62 -16
-70 9
-70 22
-54 36
-36 48
-18 52
2 52
26 39
38 12
40 -15
36 -31
19 -45
5 -67
-21 -70
-44 -58
-54 -41
-66 -24
-67 -6
-67 21
-49 41
-27 48
-6 49
21 44
39 34
54 6
52 -18
40 -39
28 -54
13 -70
-18 -76
-43 -64
-60 -47
-67 -38
-70 -15
-68 11
-56 34
-35 45
-15 46
8 43
28 41
44 12
43 -15
38 -35
30 -52
18 -58
-12 -64
-38 -60
-54 -45
-71 -20
-82 -6
-83 14
-73 34
-61 37
-40 36
-28 35
-19 6
-14 -22
-27 -55
-50 -81
-79 -110
-118 -144
-176 -170
-237 -191
-298 -204
-361 -232
-431 -262
-499 -284
-565 -325
-637 -383
-717 -447
-802 -524
-895 -609
-1006 -714
-1127 -803
-1242 -891
-1293 -904
-1278 -972
-1552 -1114
-1702 -977
-1443 -754
-1301 -916
-1552 -1175
-1908 -895
-1523 -678
-1316 -889
-1555 -1172
-1844 -922
-1452 -749
-1275 -987
-1555 -1266
-1705 -976
-1338 -859
-1216 -1121
-1551 -1372
-1680 -986
-1325 -872
-1217 -1118
-1551 -1378
-1687 -987
-1325 -876
-1210 -1144
-1555 -1381
-1628 -1011
-1275 -925
-1186 -1200
-1554 -1442
-1556 -1037
-1217 -979
-1158 -1261
-1551 -1488
-1598 -1020
-1260 -936
-1185 -1196
-1551 -1430
-1642 -1005
-1301 -900
-1205 -1155
-1555 -1375
-1644 -1004
-1303 -897
-1208 -1147
-1554 -1390
-1615 -1013
-1267 -930
-1181 -1205
-1551 -1448
-1615 -1013
-1265 -932
-1181 -1205
-1551 -1454
-1588 -1027
-1241 -960
-1165 -1251
-1554 -1469
-1504 -1062
-1172 -1028
-1131 -1332
-1554 -1554
-1416 -1095
-1093 -1103
-1091 -1421
-1551 -1554
-1405 -1100
-1088 -1108
-1091 -1421
-1551 -1558
-1378 -1114
-1056 -1144
-1073 -1472
-1527 -1557
-1254 -1165
-968 -1232
-1027 -1585
-1405 -1554
-1124 -1216
-858 -1337
-976 -1699
-1399 -1554
-1126 -1215
-871 -1325
-984 -1679
-1399 -1557
-1114 -1223
-856 -1344
-983 -1689
-1329 -1557
-1052 -1249
-811 -1389
-962 -1739
-1272 -1554
-1003 -1266
-772 -1423
-944 -1774
-1323 -1554
-1062 -1242
-835 -1361
-972 -1707
-1390 -1557
-1119 -1221
-867 -1333
-994 -1663
-1369 -1557
-1091 -1233
-847 -1352
-976 -1705
-1296 -1554
-1017 -1260
-785 -1410
-943 -1777
-1305 -1554
-1034 -1253
-802 -1393
-950 -1760
-1305 -1557
-1018 -1263
-774 -1425
-950 -1770
-1220 -1557
-923 -1302
-710 -1490
-908 -1871
-1089 -1554
-789 -1354
-600 -1595
-859 -1979
-1062 -1554
-773 -1361
-596 -1599
-858 -1982
-1047 -1557
-740 -1378
-576 -1623
-866 -1972
-983 -1557
-695 -1396
-555 -1644
-852 -2006
-928 -1554
-663 -1406
-529 -1666
-841 -2024
-1032 -1554
-753 -1369
-600 -1595
-863 -1971
-1083 -1557
-788 -1358
-609 -1591
-876 -1947
-1013 -1557
-715 -1388
-553 -1647
-848 -2014
-861 -1554
-559 -1449
-443 -1752
-838 -2030
-761 -1554
-450 -1494
-342 -1853
-739 -1992
-542 -1556
-178 -1610
-150 -2048
-357 -1833
-44 -1556
285 -1801
155 -2043
239 -1582
655 -1552
817 -2018
571 -1626
848 -1329
1238 -1552
995 -1667
970 -1230
1349 -1124
1558 -1554
1136 -1324
1202 -998
1548 -1042
1554 -1539
1144 -1298
1138 -1058
1359 -1117
1451 -1551
963 -1736
693 -1503
700 -1391
801 -1552
713 -1975
191 -2011
67 -1657
233 -1556
263 -1792
-2 -1938
-65 -1643
-93 -1355
-86 -1099
-51 -881
-1 -702
67 -571
126 -483
185 -434
236 -402
262 -401
277 -397
275 -399
271 -398
256 -383
242 -370
230 -337
232 -305
243 -282
255 -266
275 -258
290 -271
304 -298
306 -334
288 -382
264 -430
225 -480
168 -517
110 -544
47 -556
-9 -556
-51 -538
-75 -509
-83 -466
-66 -429
-35 -387
15 -363
77 -343
140 -346
195 -357
245 -374
283 -396
301 -416
310 -427
306 -429
299 -419
286 -404
270 -374
265 -337
267 -294
280 -264
292 -239
316 -225
338 -235
353 -264
357 -299
342 -346
324 -399
286 -446
232 -490
177 -520
117 -534
61 -538
22 -528
-8 -494
-17 -458
-6 -416
21 -380
69 -357
121 -338
177 -340
228 -347
269 -363
307 -383
326 -404
327 -411
321 -414
311 -407
295 -389
284 -364
273 -324
279 -282
292 -249
306 -231
333 -217
353 -225
368 -249
371 -288
366 -331
344 -384
304 -437
259 -479
200 -513
147 -528
104 -526
61 -512
28 -483
30 -445
46 -407
82 -366
127 -337
181 -316
234 -313
284 -315
327 -326
362 -340
377 -352
380 -361
376 -350
363 -343
341 -316
329 -277
325 -238
324 -194
334 -158
355 -137
385 -135
412 -145
429 -167
438 -214
432 -268
407 -331
362 -392
310 -444
241 -481
171 -508
98 -516
29 -512
-34 -486
-79 -451
-112 -413
-127 -378
-139 -346
-147 -328
-146 -319
-161 -318
-174 -329
-201 -340
-243 -341
-296 -351
-348 -340
-397 -326
-446 -295
-481 -265
-511 -220
-511 -179
-495 -149
-464 -127
-423 -110
-374 -122
-322 -155
-274 -202
-230 -260
-205 -315
-197 -374
-198 -424
-208 -462
-222 -487
-240 -493
-257 -486
-262 -464
-261 -434
-252 -401
-237 -366
-212 -342
-186 -328
-170 -319
-168 -328
-169 -342
-193 -360
-231 -371
-277 -376
-326 -374
-385 -357
-434 -335
-475 -297
-494 -258
-495 -219
-483 -186
-446 -164
-402 -157
-343 -165
-285 -198
-233 -239
-191 -295
-164 -351
-148 -410
-147 -459
-154 -490
-172 -512
-194 -517
-210 -502
-221 -475
-222 -441
-215 -410
-202 -377
-174 -350
-153 -337
-136 -337
-124 -347
-141 -361
-165 -378
-209 -392
-257 -390
-313 -378
-376 -347
-434 -307
-482 -251
-520 -181
-532 -106
-529 -40
-514 28
-486 85
-440 133
-398 158
-361 176
-327 180
-305 179
-301 173
-308 177
-325 182
-354 202
-374 231
-395 262
-411 298
-412 335
-402 367
-382 388
-361 391
-332 379
-310 343
-292 295
-290 234
-303 174
-322 109
-357 52
-402 10
-447 -18
-489 -28
-526 -23
-550 4
-557 35
-547 69
-525 105
-494 137
-445 167
-404 173
-366 181
-335 176
-319 167
-307 161
-316 167
-323 180
-338 205
-338 249
-340 298
-316 359
-249 321
-238 465
-174 503
-99 524
-20 531
60 520
129 496
193 456
237 411
273 356
287 305
294 265
286 231
282 213
278 204
283 202
302 201
328 201
368 183
406 162
447 120
480 70
509 13
522 -66
514 -135
486 -212
450 -281
396 -326
337 -367
277 -392
213 -391
170 -384
126 -366
107 -346
93 -341
84 -333
78 -339
79 -352
67 -379
35 -413
-2 -439
-60 -465
-122 -479
-195 -479
-267 -460
-337 -426
-403 -370
-378 -374
-473 -239
-489 -165
-486 -102
-462 -37
-441 8
-404 39
-378 48
-361 56
-353 51
-359 51
-376 53
-404 60
-434 79
-465 112
-489 136
-505 174
-507 214
-496 233
-473 248
-447 249
-413 226
-380 188
-356 134
-342 75
-344 5
-356 -64
-382 -122
-410 -166
-447 -192
-480 -207
-510 -200
-533 -177
-536 -144
-529 -107
-511 -68
-479 -33
-442 -6
-410 15
-377 18
-361 21
-350 19
-359 21
-373 36
-400 60
-416 97
-435 145
-436 210
-355 204
-401 340
-353 401
-292 456
-220 494
-142 517
-67 517
5 504
62 479
110 447
133 407
139 377
135 350
121 343
103 347
84 363
70 398
75 429
79 462
53 399
107 512
121 517
133 505
130 489
111 460
85 420
33 374
-33 342
-112 314
-191 293
-262 285
-331 281
-387 288
-424 291
-438 291
-442 284
-428 260
-405 223
-377 167
-352 96
-333 23
-327 -53
-331 -131
-349 -201
-378 -258
-319 -254
-434 -310
-462 -306
-477 -284
-480 -255
-480 -219
-457 -183
-438 -151
-404 -128
-368 -119
-354 -117
-337 -123
-344 -123
-358 -128
-389 -129
-425 -116
-463 -97
-498 -67
-525 -36
-546 12
-550 48
-535 85
-509 98
-475 101
-427 86
-383 45
-349 -10
-322 -78
-302 -152
-298 -219
-301 -283
-313 -344
-326 -379
-334 -405
-329 -407
-318 -404
-284 -385
-240 -365
-173 -346
-96 -333
-15 -329
70 -346
138 -366
198 -387
245 -408
280 -428
292 -440
299 -432
293 -405
289 -361
284 -308
288 -236
301 -161
325 -88
365 -16
404 39
438 87
474 119
493 135
505 144
496 144
474 146
437 151
393 162
349 191
301 219
266 255
243 303
237 349
252 377
279 398
318 404
364 391
413 362
452 313
479 261
497 197
498 134
491 83
462 37
429 14
410 7
381 14
365 39
361 74
371 116
395 152
415 183
440 209
465 216
482 219
475 218
458 213
434 207
396 202
344 211
289 232
243 265
209 298
182 342
178 387
188 426
222 441
260 445
305 439
355 414
403 363
436 308
454 245
471 174
462 108
445 54
426 12
395 -30
364 -42
350 -49
342 -55
343 -70
359 -79
374 -103
386 -146
401 -188
398 -247
385 -303
351 -371
304 -431
246 -480
170 -513
95 -530
22 -529
-57 -512
-113 -484
-159 -441
-191 -398
-206 -356
-208 -325
-205 -299
-206 -292
-204 -287
-210 -301
-235 -315
-270 -319
-310 -329
-361 -323
-316 -269
-449 -283
-479 -253
-505 -213
-502 -179
-486 -149
-450 -133
-400 -129
-345 -143
-289 -170
-232 -220
-185 -280
-155 -341
-127 -401
-119 -447
-113 -488
-110 -503
-106 -502
-97 -489
-73 -456
-33 -412
19 -371
85 -328
155 -296
229 -267
304 -252
370 -251
419 -251
445 -256
462 -255
457 -248
443 -227
416 -193
395 -142
371 -81
355 -6
344 67
352 143
368 213
387 267
310 267
416 332
419 337
406 333
384 327
343 313
293 303
227 301
172 315
112 340
68 373
38 408
29 453
39 389
64 513
103 529
152 521
209 502
262 467
303 419
336 363
355 304
364 244
352 194
341 161
331 137
324 123
320 119
328 113
349 113
381 102
417 69
447 34
477 -18
490 -81
494 -150
474 -221
447 -291
402 -357
336 -408
273 -436
204 -453
134 -447
74 -438
23 -412
-6 -380
-24 -361
-34 -344
-41 -336
-48 -340
-56 -351
-83 -372
-120 -392
-170 -401
-227 -406
-285 -398
-350 -369
-410 -323
-456 -269
-494 -198
-510 -126
-510 -55
-496 17
-475 70
-433 123
-395 152
-354 169
-331 167
-318 164
-310 164
-311 171
-320 178
-339 205
-341 246
-336 293
-314 343
-287 397
-241 453
-177 494
-106 518
-31 527
51 520
124 498
176 460
222 415
255 365
269 316
279 275
272 241
267 228
262 227
273 222
288 225
319 228
362 216
402 192
447 153
483 104
513 41
522 -36
522 -109
495 -182
461 -253
409 -309
349 -349
286 -367
229 -377
181 -369
140 -353
119 -334
108 -327
99 -322
94 -329
92 -346
79 -374
50 -402
12 -433
-45 -453
-103 -473
-176 -473
-255 -448
-322 -417
-384 -364
-427 -303
-459 -234
-471 -162
-467 -96
-443 -35
-411 7
-380 39
-353 54
-333 66
-325 69
-325 76
-337 83
-357 107
-375 143
-389 188
-388 246
-379 305
-350 375
-307 431
-247 477
-179 513
-198 493
-40 523
30 504
83 475
125 437
145 404
145 367
144 342
128 343
106 350
92 366
79 402
86 434
91 465
105 493
122 509
134 516
145 505
143 480
131 454
103 418
54 383
-1 356
-63 346
-130 337
-189 349
-232 378
-267 412
-275 448
-265 486
-232 520
-183 535
-128 539
-70 529
-15 513
32 475
69 443
88 410
90 377
90 361
81 359
63 368
43 390
36 423
38 463
42 492
55 516
73 533
85 532
94 517
86 494
-1 524
45 414
-3 371
-59 343
-119 320
-181 316
-240 331
-283 350
-306 378
-277 326
-301 456
-276 486
-224 507
-167 513
-110 510
-52 495
0 464
41 432
69 404
85 373
92 350
99 341
103 340
113 354
137 370
172 387
221 392
273 390
331 370
387 335
440 289
485 227
511 155
525 83
517 16
502 -50
475 -100
434 -126
401 -130
369 -116
352 -94
347 -50
359 -12
380 27
417 65
445 86
474 104
496 111
507 112
503 104
486 104
454 105
415 110
373 132
328 164
297 203
275 241
271 283
285 319
317 346
354 346
396 329
440 301
475 251
509 187
522 115
517 46
505 -28
479 -88
437 -134
398 -164
362 -189
329 -191
315 -195
301 -191
300 -196
310 -210
319 -236
316 -270
312 -320
288 -374
260 -419
216 -468
159 -506
102 -531
44 -534
-12 -526
-55 -507
-81 -477
-89 -435
-79 -398
-37 -360
11 -342
67 -328
128 -331
191 -342
239 -363
273 -380
298 -401
309 -407
306 -399
302 -371
295 -331
291 -275
292 -206
309 -135
331 -63
365 7
406 63
438 103
468 131
493 151
496 162
483 161
450 165
407 174
346 187
273 215
206 255
145 302
94 357
53 410
27 459
7 494
-7 514
-17 516
-28 501
-37 469
-65 417
-96 358
-149 301
-212 242
-277 195
-343 160
-407 139
-461 118
-494 111
-510 104
-505 97
-484 85
-449 58
-403 11
-359 -40
-318 -109
-279 -181
-251 -252
-237 -325
-227 -383
-221 -428
-216 -455
-218 -465
-205 -458
-182 -436
-142 -411
-88 -380
-16 -349
63 -329
139 -311
216 -304
284 -308
342 -316
379 -326
398 -334
403 -331
391 -313
378 -277
353 -231
335 -161
327 -90
328 -5
337 70
362 143
382 202
405 244
425 274
432 289
429 288
405 284
358 280
304 275
238 282
163 298
88 325
19 357
-35 400
-83 436
-110 471
-133 489
-140 496
-143 487
-146 465
-158 421
-172 361
-201 295
-246 231
-289 169
-344 107
-400 68
-447 42
-487 24
-507 12
-519 15
-504 6
-478 -3
-436 -24
-379 -62
-331 -110
-283 -169
-236 -241
-209 -314
-185 -374
-179 -426
-171 -477
-167 -501
-161 -502
-147 -492
-122 -466
-81 -422
-24 -380
45 -344
125 -314
200 -292
277 -285
339 -285
389 -290
420 -299
435 -300
436 -298
424 -294
407 -275
374 -246
361 -202
350 -152
351 -117
362 -82
384 -57
417 -60
442 -73
462 -103
475 -147
475 -212
455 -278
420 -340
364 -400
370 -374
230 -467
162 -480
97 -474
39 -456
-4 -426
-42 -398
-57 -368
-68 -352
-76 -341
-79 -337
-89 -351
-105 -368
-146 -386
-185 -395
-244 -399
-298 -389
-362 -358
-419 -313
-469 -260
-498 -190
-512 -114
-510 -43
-495 37
-466 92
-425 143
-383 176
-337 195
-307 200
-285 204
-274 209
-271 211
-277 221
-277 247
-280 285
-268 331
-245 382
-210 426
-155 477
-89 510
-13 524
66 531
142 514
215 473
268 432
308 375
334 316
346 265
344 215
330 180
319 158
311 148
311 144
324 148
343 146
385 137
423 110
455 77
486 31
510 -30
522 -100
513 -165
493 -234
456 -290
413 -330
369 -357
322 -358
283 -350
260 -320
259 -274
271 -237
300 -190
340 -154
387 -132
432 -115
469 -105
501 -105
512 -107
505 -100
484 -85
453 -58
410 -21
368 37
329 104
294 174
264 251
255 322
248 384
245 430
247 458
249 468
244 465
223 443
183 415
133 380
71 355
-3 342
-75 331
-146 334
-212 354
-263 369
-304 390
-323 407
-331 409
-327 395
-319 371
-307 322
-297 261
-301 180
-316 102
-334 24
-367 -52
-406 -110
-439 -163
-468 -201
-484 -218
-483 -230
-465 -236
-431 -234
-377 -236
-313 -245
-239 -264
-164 -295
-87 -339
-32 -389
17 -437
46 -480
59 -518
63 -539
48 -543
40 -532
28 -514
22 -481
22 -448
37 -410
53 -380
69 -365
89 -358
104 -365
102 -391
93 -428
66 -460
25 -486
-31 -513
-88 -522
-146 -528
-206 -508
-247 -480
-270 -443
-277 -411
-261 -368
-226 -341
-172 -318
-111 -326
-48 -331
16 -352
67 -393
108 -426
140 -456
156 -482
160 -494
163 -488
168 -465
174 -414
187 -359
214 -293
252 -225
299 -166
353 -103
406 -65
453 -30
491 -5
514 7
523 17
508 28
480 39
432 58
376 94
319 143
264 200
217 269
181 332
155 395
139 449
135 484
131 509
124 508
108 491
85 460
53 420
-9 374
-74 339
-149 303
-224 279
-298 270
-359 260
-404 262
-436 266
-447 264
-446 257
-430 227
-406 193
-380 136
-351 66
-329 -7
-321 -84
-322 -164
-336 -233
-348 -293
-357 -336
-370 -365
-371 -373
-356 -374
-324 -362
-279 -347
-217 -334
-137 -331
-56 -333
22 -346
92 -373
153 -402
194 -426
225 -459
236 -472
237 -481
225 -479
216 -465
193 -432
192 -397
193 -361
201 -322
215 -299
237 -288
256 -292
268 -316
260 -351
250 -391
215 -437
165 -480
99 -517
31 -537
-54 -536
-133 -523
-199 -490
-260 -445
-308 -391
-331 -332
-344 -276
-341 -226
-327 -195
-319 -164
-312 -151
-309 -142
-319 -142
-340 -137
-374 -125
-410 -93
-446 -60
-477 -10
-496 64
-501 135
-492 210
-459 288
-409 347
-349 399
-286 434
-216 450
-147 449
-89 436
-44 416
-22 392
-9 369
-18 361
-31 359
-52 371
-66 399
-74 430
-81 463
-80 495
-72 519
-56 529
-44 525
-40 504
-45 479
-54 432
-85 379
-134 331
-186 297
-247 260
-315 244
-368 246
-413 266
-370 219
-451 326
-444 361
-410 400
-368 423
-314 439
-262 443
-205 436
-164 412
-125 389
-110 361
-107 347
-119 337
-128 339
-149 355
-164 383
-177 417
-177 450
-174 483
-163 505
-147 511
-130 502
-125 474
-119 437
-123 380
-156 320
-198 264
-251 205
-307 157
-372 119
-432 97
-474 78
-505 75
-522 69
-511 66
-497 54
-460 25
-405 -7
-359 -61
-314 -123
-275 -189
-247 -261
-231 -335
-222 -395
-223 -443
-218 -472
-218 -486
-214 -477
-191 -458
-154 -429
-103 -398
-38 -362
39 -344
113 -328
189 -328
255 -339
310 -348
353 -367
371 -379
374 -391
364 -389
350 -375
329 -346
310 -309
301 -266
298 -218
307 -179
326 -158
355 -144
386 -152
410 -179
418 -222
346 -204
400 -337
359 -395
307 -443
241 -485
165 -517
95 -523
21 -515
-42 -486
-96 -451
-127 -413
-146 -377
-156 -342
-159 -329
-155 -319
-165 -320
-169 -333
-197 -349
-240 -362
-280 -368
-328 -364
-385 -348
-434 -320
-471 -289
-490 -245
-495 -202
-477 -171
-446 -148
-400 -142
-345 -153
-292 -183
-236 -228
-185 -288
-152 -346
-124 -407
-111 -451
-105 -492
-101 -509
-94 -511
-84 -498
13 -533
-20 -420
31 -380
94 -338
166 -298
243 -268
316 -255
372 -246
421 -245
456 -258
465 -261
459 -265
445 -255
419 -241
392 -221
368 -185
357 -146
354 -106
362 -76
381 -56
413 -55
438 -71
459 -106
473 -153
469 -214
452 -280
414 -346
365 -407
370 -382
233 -482
162 -495
92 -495
33 -475
-7 -450
-45 -419
-62 -389
-62 -368
-71 -359
-70 -356
-70 -369
-88 -385
-120 -408
-158 -429
-209 -433
-195 -368
-319 -429
-367 -411
-413 -372
-438 -336
-442 -299
-434 -265
-403 -235
-354 -222
-297 -229
-243 -249
-188 -287
-141 -331
-111 -391
-94 -441
-82 -486
-85 -516
-97 -534
-115 -532
-126 -520
-131 -497
-129 -458
-124 -426
-100 -393
-77 -370
-54 -361
-45 -362
-38 -379
-47 -404
-80 -425
-124 -441
-176 -450
-242 -436
-311 -416
-376 -371
-435 -320
-477 -250
-505 -170
-507 -95
-501 -20
-473 43
-438 95
-401 127
-367 145
-333 157
-318 154
-310 152
-314 163
-327 176
-336 199
-347 240
-344 290
-321 346
-288 400
-244 456
-178 491
-108 520
-30 531
45 520
118 500
186 462
227 413
261 356
275 307
279 267
274 236
267 216
265 213
275 207
289 215
319 216
357 204
406 187
446 146
483 104
516 40
526 -36
526 -110
499 -188
460 -256
406 -315
345 -363
283 -395
216 -401
164 -400
123 -383
92 -365
77 -354
69 -348
59 -347
58 -359
41 -385
15 -415
-16 -444
-63 -468
-120 -490
-180 -499
-238 -487
-291 -471
-328 -443
-352 -409
-355 -374
-337 -338
-300 -313
-245 -297
-185 -300
-118 -313
-53 -343
0 -383
41 -431
64 -471
79 -509
76 -531
65 -536
55 -532
39 -510
28 -475
31 -438
40 -401
54 -371
73 -357
90 -344
104 -358
104 -385
86 -417
53 -452
7 -477
-62 -500
-133 -507
-213 -493
-285 -465
-352 -414
-408 -357
-441 -292
-465 -225
-463 -157
-445 -93
-423 -51
-398 -25
-373 -4
-355 -3
-354 -2
-365 0
-387 2
-423 10
-458 33
-489 66
-518 99
-533 137
-531 178
-517 206
-492 226
-462 225
-424 205
-383 167
-355 111
-337 45
-333 -30
-337 -110
-364 -172
-391 -224
-425 -259
-459 -280
-483 -277
-498 -258
-500 -231
-489 -192
-470 -158
-443 -121
-406 -100
-371 -88
-349 -89
-335 -86
-337 -91
-355 -95
-383 -92
-423 -76
-459 -52
-495 -22
-527 21
-544 66
-549 101
-535 127
-511 148
-477 154
-436 138
-389 94
-356 38
-335 -26
-319 -96
-325 -171
-342 -230
-367 -278
-307 -276
-425 -329
-449 -324
-466 -299
-468 -276
-462 -238
-442 -202
-415 -174
-382 -149
-352 -140
-335 -135
-324 -131
-326 -142
-346 -137
-381 -126
-415 -93
-451 -56
-480 6
-410 34
-505 148
-487 229
-456 300
-398 365
-336 421
-270 451
-192 468
-127 464
-67 449
-28 416
-9 392
0 365
-9 357
-24 352
-46 365
-69 390
-76 423
-85 458
-80 486
-71 513
-59 526
-42 522
-40 504
-42 471
-52 421
-78 369
-125 316
-186 258
-252 217
-320 183
-383 164
-440 152
-482 154
-505 155
-508 151
-489 146
-469 128
-424 94
-383 45
-348 -24
-318 -99
-292 -177
-288 -249
-290 -321
-290 -372
-297 -410
-303 -429
-299 -429
-277 -419
-242 -400
-191 -374
-124 -356
-49 -346
34 -335
110 -340
184 -359
241 -378
288 -400
310 -422
325 -440
314 -438
305 -426
286 -407
275 -377
265 -333
267 -287
277 -255
292 -226
316 -217
344 -226
359 -255
367 -290
363 -333
339 -389
301 -440
253 -486
192 -518
135 -530
80 -529
35 -511
5 -477
1 -437
13 -395
42 -359
93 -329
151 -309
216 -307
273 -310
321 -324
358 -332
377 -337
383 -339
385 -324
373 -296
359 -255
345 -192
340 -116
346 -41
356 43
378 110
402 174
427 217
450 244
458 258
455 263
441 252
410 247
368 239
318 245
265 258
215 286
176 315
150 357
147 407
158 441
186 466
234 475
283 467
334 444
379 399
417 344
436 290
446 225
442 169
427 136
400 107
374 104
355 120
335 142
328 185
337 228
352 262
371 299
389 316
407 332
413 332
404 323
381 310
346 298
296 286
236 288
179 305
127 328
85 366
58 411
52 453
72 483
64 417
146 520
205 513
264 483
314 442
356 387
395 325
407 262
407 197
395 147
380 108
362 82
348 70
339 65
343 60
356 61
380 44
415 24
438 -16
462 -72
470 -135
464 -210
443 -283
408 -349
354 -409
284 -451
216 -480
143 -492
77 -489
16 -462
-26 -435
-60 -401
-73 -368
-86 -344
-90 -337
-91 -334
-96 -345
-120 -361
-148 -381
-188 -398
-241 -400
-296 -396
-348 -382
-401 -353
-447 -318
-466 -278
-466 -240
-456 -204
-422 -178
-372 -166
-312 -182
-255 -207
-196 -251
-150 -305
-110 -368
-82 -419
-67 -465
-66 -501
-58 -518
-54 -511
-44 -488
-21 -447
18 -400
73 -352
133 -308
196 -264
271 -233
344 -218
399 -211
443 -206
471 -206
480 -212
470 -201
449 -178
414 -141
380 -88
350 -20
324 58
307 141
307 213
308 277
320 333
331 375
340 395
334 395
315 389
287 379
237 350
170 331
92 325
4 331
-76 337
-148 357
-211 382
-262 401
-295 422
-306 429
-308 419
-302 394
-292 343
-289 287
-297 215
-312 140
-331 63
-368 1
-413 -43
-452 -76
-492 -86
-531 -83
-550 -61
-553 -23
-541 15
-516 49
-488 83
-443 109
-404 121
-367 122
-337 126
-325 125
-319 124
-328 129
-338 157
-350 193
-353 240
-350 299
-327 361
-287 421
-235 474
-165 515
-87 541
-5 551
72 535
141 507
197 469
238 418
261 371
265 331
255 303
235 289
218 289
192 305
176 335
169 376
176 410
187 445
197 464
213 477
224 477
222 457
199 432
159 402
106 365
34 338
-48 314
-127 306
-210 304
-277 308
-338 320
-376 334
-401 340
-402 334
-396 318
-381 283
-353 228
-332 160
-325 83
-324 4
-334 -73
-356 -152
-378 -207
-401 -255
-422 -277
-430 -293
-423 -295
-401 -285
-355 -283
-298 -275
-228 -284
-159 -300
-82 -322
-11 -360
43 -400
88 -434
122 -465
142 -493
149 -496
153 -486
155 -462
161 -415
172 -352
202 -288
243 -228
288 -162
344 -111
403 -66
453 -42
488 -21
507 -4
516 1
504 16
473 31
430 52
377 91
322 140
269 205
223 271
190 335
167 398
153 450
148 488
143 510
136 505
117 491
96 466
63 428
15 392
-49 359
-119 333
-180 323
-240 328
-283 350
-314 378
-325 411
-317 446
-286 477
-248 496
-191 507
-137 501
-77 489
-24 462
11 432
45 398
59 367
71 350
76 341
88 340
96 352
126 363
164 381
215 389
275 380
326 366
390 330
446 283
491 225
524 151
536 81
532 13
508 -52
481 -94
441 -126
401 -133
374 -122
348 -94
345 -54
349 -15
372 24
406 63
437 89
468 107
492 116
505 119
499 115
477 116
436 125
382 142
327 179
267 222
211 271
159 331
122 396
88 450
71 490
64 520
56 530
45 520
27 488
2 449
-32 401
-85 349
-143 306
-207 275
-271 256
-335 261
-380 275
-415 303
-427 339
-417 373
-381 407
-336 438
-284 455
-222 459
-164 446
-116 425
-83 406
-61 383
-61 361
-65 352
-79 356
-95 368
-119 397
-125 434
-130 472
-125 498
-110 522
-99 533
-83 525
-67 504
-69 469
-78 417
-107 360
-155 304
-214 246
-282 200
-349 167
-416 148
-466 137
-505 135
-524 128
-517 121
-501 108
-471 83
-424 47
-374 -10
-337 -75
-296 -146
-273 -222
-267 -295
-269 -356
-283 -400
-302 -428
-325 -435
-340 -425
-354 -407
-356 -372
-346 -335
-331 -301
-311 -265
-284 -243
-264 -240
-252 -235
-255 -239
-272 -248
-301 -250
-344 -243
-393 -222
-436 -178
-480 -125
-515 -60
-526 19
-524 98
-505 176
-466 242
-417 300
-358 348
-295 370
-233 382
-181 374
-140 369
-116 352
-99 340
-93 337
-86 349
-85 365
-73 395
-46 428
-11 463
36 483
62 412
165 501
237 483
300 456
357 411
404 349
434 286
450 228
443 165
430 125
408 104
383 98
363 107
342 127
337 163
343 204
362 232
384 265
405 284
428 292
436 290
434 284
414 271
386 262
341 254
286 256
235 282
182 313
138 351
116 391
116 433
127 468
154 492
193 499
247 491
294 468
340 425
380 372
408 317
425 259
419 211
404 172
386 147
362 143
343 154
331 177
326 214
334 243
359 279
374 301
303 284
407 329
416 322
408 310
393 298
355 283
306 278
249 275
199 297
149 319
112 358
86 400
82 445
94 477
122 502
165 514
215 504
264 480
314 442
354 389
384 334
395 280
394 222
380 192
359 172
334 164
316 185
296 211
294 251
301 292
314 331
331 357
351 376
364 377
377 370
363 355
339 341
304 322
256 309
197 310
140 328
88 350
45 379
17 425
8 464
21 498
49 525
92 539
138 538
194 511
248 473
290 428
326 372
343 316
353 258
348 220
335 192
328 174
325 165
329 166
335 169
361 164
395 152
427 127
465 85
489 34
509 -33
520 -103
507 -174
486 -243
448 -300
402 -346
350 -375
310 -380
271 -372
245 -348
238 -303
249 -267
274 -228
314 -193
360 -170
404 -152
442 -147
475 -152
492 -154
499 -154
489 -153
466 -143
438 -121
416 -88
388 -48
378 -4
373 37
392 73
412 90
443 95
475 76
504 43
521 -11
533 -77
521 -145
499 -218
453 -279
400 -330
332 -372
271 -392
206 -401
151 -391
105 -381
79 -355
56 -342
48 -339
45 -337
40 -349
20 -373
-12 -404
-49 -428
-103 -447
-162 -456
-236 -452
-302 -428
-370 -392
-424 -334
-466 -269
-495 -196
-501 -122
-488 -52
-464 8
-431 55
-401 88
-368 96
-346 105
-336 104
-337 100
-350 99
-374 111
-402 129
-432 155
-449 195
-460 236
-463 275
-456 303
-429 322
-404 326
-379 310
-347 273
-322 215
-314 146
-319 71
-334 -6
-364 -77
-391 -134
-424 -183
-453 -216
-465 -235
-464 -241
-446 -241
-410 -237
-355 -238
-283 -250
-210 -271
-140 -304
-59 -341
-2 -389
46 -435
86 -471
107 -498
123 -509
127 -503
140 -480
153 -435
168 -374
202 -304
243 -240
296 -175
355 -122
406 -82
462 -51
506 -32
529 -30
538 -27
532 -27
504 -21
466 -10
429 14
386 46
359 89
335 129
329 183
343 219
371 238
410 243
447 232
489 192
524 139
544 71
549 1
532 -69
507 -141
464 -202
414 -243
362 -273
313 -284
277 -286
246 -276
237 -270
229 -266
226 -277
225 -288
234 -316
221 -357
198 -404
153 -447
101 -389
39 -519
-38 -533
-117 -526
-197 -499
-269 -461
-322 -409
-370 -345
-398 -283
-397 -221
-395 -168
-375 -126
-358 -104
-346 -90
-339 -91
-345 -88
-362 -92
-391 -95
-428 -76
-461 -54
-495 -25
-519 10
-535 53
-536 93
-523 124
-494 142
-460 141
-419 122
-383 85
-346 31
-322 -39
-306 -111
-307 -189
-314 -258
-328 -316
-344 -360
-352 -383
-357 -395
-337 -394
-314 -384
-264 -359
-205 -346
-124 -335
-45 -344
43 -355
113 -379
168 -404
212 -432
241 -462
253 -479
250 -490
240 -483
225 -462
211 -429
205 -393
207 -355
216 -319
234 -294
250 -283
269 -283
286 -310
285 -345
275 -386
248 -430
207 -480
157 -512
97 -539
37 -548
-24 -538
-66 -518
-92 -488
-102 -444
-85 -407
-47 -369
2 -346
63 -333
125 -331
187 -344
243 -363
278 -385
304 -401
322 -406
321 -397
320 -374
310 -328
314 -268
312 -200
327 -121
346 -42
380 27
417 86
449 131
474 165
491 185
494 194
479 193
450 204
405 201
354 213
289 239
243 271
200 309
174 355
164 397
176 438
209 459
244 469
292 460
343 432
389 385
425 331
446 264
459 207
449 147
432 97
409 68
386 61
364 70
352 86
349 119
355 155
379 185
399 220
423 241
446 253
457 255
451 245
434 239
407 237
365 231
316 239
255 257
209 295
174 326
152 372
150 415
167 444
201 463
242 467
294 458
346 429
396 379
434 318
453 257
465 192
458 137
438 91
416 68
386 67
365 79
346 110
338 144
352 186
371 222
393 252
417 279
440 289
448 288
438 284
422 267
398 259
352 256
301 258
248 274
191 307
161 341
137 378
132 427
139 462
167 483
208 492
262 487
313 462
358 414
399 361
422 307
434 250
423 197
410 157
385 134
358 134
334 148
316 174
308 217
313 262
327 299
346 325
362 348
370 362
380 363
369 348
342 333
294 319
230 309
161 307
81 320
-3 337
-69 367
-132 397
-176 440
-210 468
-225 481
-226 483
-226 465
-225 437
-222 378
-228 318
-254 240
-289 167
-328 96
-378 38
-433 -12
-471 -43
-505 -61
-520 -74
-519 -74
-501 -76
-471 -88
-417 -108
-357 -138
-298 -180
-242 -235
-193 -297
-159 -362
-139 -420
-137 -466
-146 -507
-162 -521
-182 -517
-198 -503
-217 -475
-217 -436
-215 -395
-199 -362
-174 -338
-155 -331
-139 -322
-133 -330
-141 -348
-167 -366
-209 -365
-257 -367
-318 -353
-377 -321
-437 -274
-481 -209
-516 -142
-529 -65
-523 18
-505 90
-473 146
-424 189
-380 221
-335 231
-299 225
-278 227
-271 228
-267 222
-271 232
-282 258
-283 298
-278 345
-254 391
-225 439
-171 486
-109 525
-35 546
48 550
121 532
183 500
244 456
286 405
304 353
305 308
298 273
281 251
261 259
239 269
225 303
227 341
231 371
248 410
184 365
277 451
285 453
287 440
275 421
211 483
206 368
151 349
92 337
28 344
-28 362
-69 397
-91 430
-98 473
-89 504
-52 534
-9 546
53 545
115 526
173 498
227 452
268 401
291 344
301 290
307 247
300 220
295 201
291 195
294 192
308 194
340 192
371 182
419 157
455 117
492 67
515 4
531 -70
530 -142
505 -215
465 -274
426 -313
378 -340
332 -343
297 -333
271 -305
264 -262
277 -222
300 -180
342 -148
387 -122
429 -112
464 -103
492 -105
502 -107
495 -103
483 -88
451 -64
407 -22
365 28
331 100
296 168
269 247
258 322
253 382
249 430
250 459
246 471
235 465
217 445
173 414
127 386
65 364
0 352
-66 348
-128 358
-175 388
-202 421
-217 459
-204 495
-170 527
-121 546
-67 548
-10 541
53 511
109 479
148 436
176 395
192 355
202 323
198 299
197 292
205 290
219 297
242 305
282 307
330 304
382 280
430 248
480 189
513 127
533 56
532 -29
520 -106
490 -176
443 -240
393 -288
341 -313
290 -324
243 -324
211 -310
195 -304
182 -299
185 -301
184 -309
177 -334
167 -368
147 -408
106 -453
61 -483
3 -511
-68 -529
-125 -532
-179 -517
-229 -491
-251 -454
-260 -420
-243 -380
-212 -353
-157 -333
-98 -334
-39 -343
20 -366
65 -404
100 -446
119 -480
124 -512
119 -531
105 -529
89 -520
77 -499
67 -466
69 -429
76 -392
103 -365
121 -348
135 -349
152 -358
156 -387
147 -425
115 -459
73 -489
14 -515
-57 -522
-131 -515
-218 -493
-279 -453
-328 -402
-378 -341
-398 -274
-405 -208
-395 -159
-378 -111
-352 -88
-341 -76
-333 -67
-336 -64
-349 -61
-381 -47
-413 -26
-448 8
-474 66
-485 124
-488 195
-474 270
-441 334
-390 394
-323 438
-256 466
-186 480
-123 475
-63 453
-29 426
-7 398
-3 376
-7 363
-18 361
-40 374
-55 401
-56 434
-60 469
-55 498
-35 528
-18 541
4 538
18 520
18 489
2 449
-21 399
-70 352
-125 318
-183 290
-250 278
-310 282
-358 296
-385 324
-397 362
-386 398
-358 431
-316 449
-266 465
-210 462
-148 453
-101 428
-70 405
-52 371
-32 352
-35 344
-30 333
-34 349
-21 370
4 395
49 422
91 438
147 452
223 447
290 427
355 386
415 335
455 276
476 201
489 125
482 61
458 3
429 -42
398 -76
363 -84
340 -94
325 -102
322 -100
331 -107
340 -133
353 -169
359 -221
354 -274
333 -341
267 -310
250 -459
185 -500
112 -533
34 -542
-51 -532
-119 -510
-176 -473
-224 -419
-255 -371
-267 -320
-266 -280
-265 -248
-261 -237
-255 -227
-266 -224
-282 -232
-316 -234
-357 -221
-402 -205
-449 -163
-389 -116
-520 -48
-533 30
-531 105
-514 179
-473 255
-424 307
-368 347
-301 370
-244 374
-198 369
-164 356
-137 340
-123 330
-123 324
-114 331
-116 355
-104 378
-73 417
-37 445
15 477
74 499
146 499
231 481
297 447
361 397
412 331
445 260
459 186
455 115
440 54
412 7
383 -27
358 -40
344 -47
337 -51
340 -60
353 -60
378 -81
395 -119
407 -161
412 -220
409 -279
379 -343
338 -404
281 -458
209 -496
137 -519
64 -523
-10 -509
-64 -481
-115 -443
-142 -401
-159 -362
-159 -331
-158 -316
-152 -313
-156 -314
-163 -327
-188 -348
-225 -362
-270 -375
-316 -372
-372 -355
-425 -335
-459 -300
-479 -265
-483 -224
-474 -189
-440 -167
-395 -164
-338 -170
-285 -204
-237 -241
-191 -295
-164 -351
-152 -413
-147 -452
-161 -492
-178 -515
-203 -511
-221 -494
-232 -469
-238 -434
-240 -398
-225 -361
-202 -335
-185 -324
-167 -319
-167 -325
-172 -335
-192 -353
-237 -362
-283 -360
-337 -351
-398 -317
-456 -274
-497 -209
-533 -138
-541 -60
-538 27
-514 94
-477 154
-430 203
-374 240
-333 253
-292 253
-264 256
-249 249
-243 248
-243 260
-252 274
-253 307
-239 352
-217 397
-177 443
-125 483
-63 516
19 531
94 526
170 505
242 466
300 417
344 360
367 298
372 241
369 194
363 157
346 131
336 121
331 121
342 112
361 113
395 103
425 78
462 44
489 -9
507 -62
512 -128
500 -197
480 -264
441 -317
398 -354
348 -379
301 -383
261 -371
243 -341
240 -302
249 -264
279 -224
318 -189
368 -166
416 -155
454 -151
486 -154
495 -163
496 -173
483 -167
460 -159
427 -142
401 -109
372 -71
361 -30
358 10
368 49
393 68
428 71
463 57
489 22
513 -31
518 -92
509 -164
477 -243
435 -308
376 -358
320 -397
250 -422
180 -423
119 -419
82 -404
52 -374
31 -355
26 -348
25 -345
19 -359
3 -376
-21 -404
-60 -426
-112 -450
-166 -458
-236 -447
-308 -431
-370 -395
-429 -339
-468 -276
-490 -200
-498 -131
-494 -66
-464 -9
-442 34
-401 60
-372 71
-348 81
-339 80
-340 76
-359 79
-385 88
-409 113
-438 136
-463 168
-473 214
-476 250
-465 282
-448 293
-419 294
-385 278
-353 237
-334 178
-320 109
-321 28
-334 -49
-360 -124
-387 -181
-414 -231
-437 -259
-449 -275
-442 -280
-422 -274
-386 -271
-331 -268
-258 -280
-176 -297
-103 -322
-30 -359
24 -402
74 -447
101 -486
111 -513
117 -528
103 -533
89 -520
78 -496
69 -455
75 -426
86 -392
101 -367
123 -346
134 -346
146 -361
148 -390
127 -423
89 -460
40 -486
-34 -505
-109 -509
-186 -495
-264 -468
-331 -419
-389 -355
-418 -292
-440 -228
-440 -157
-428 -97
-402 -62
-377 -37
-357 -20
-350 -15
-343 -14
-352 -13
-374 3
-391 30
-415 65
-435 109
-443 170
-434 236
-415 302
-371 364
-322 422
-256 462
-185 486
-110 492
-47 483
12 460
63 428
91 395
110 362
124 335
129 323
136 319
150 323
169 338
200 350
249 344
297 344
354 321
320 251
459 241
499 172
522 106
533 31
526 -48
505 -107
473 -159
431 -190
398 -200
364 -186
346 -157
342 -118
350 -76
373 -29
408 5
447 34
480 52
508 60
520 56
521 52
507 52
479 52
440 63
404 82
359 116
328 157
303 204
297 252
310 286
334 316
371 316
414 310
456 283
486 237
516 177
527 110
523 40
508 -29
484 -83
445 -128
401 -155
363 -180
338 -182
317 -184
304 -191
303 -198
314 -206
322 -228
322 -270
321 -313
303 -363
272 -417
234 -465
175 -506
117 -528
55 -537
-2 -532
-49 -509
-75 -484
-83 -442
-72 -404
-43 -367
5 -348
64 -336
125 -340
179 -354
228 -369
270 -388
295 -413
305 -415
306 -408
305 -386
298 -340
296 -287
297 -210
312 -134
331 -60
363 11
402 76
436 122
462 158
486 174
490 190
479 193
450 192
403 195
339 215
272 241
203 280
123 321
66 380
21 433
-10 477
-29 512
-41 531
-46 530
-52 514
-63 483
-80 432
-109 382
-152 322
-206 273
-267 236
-322 221
-371 215
-420 233
-374 189
-451 293
-444 334
-414 368
-366 395
-318 417
-262 422
-205 410
-159 399
-125 379
-101 355
-89 342
-84 333
-78 346
-76 362
-67 396
-35 430
1 464
54 486
108 501
180 503
254 481
322 444
384 387
429 327
453 264
474 198
467 143
447 91
424 64
398 67
371 77
352 104
347 131
352 171
374 214
393 243
420 263
440 274
455 273
449 269
433 256
407 250
360 243
311 252
253 270
206 301
165 336
144 376
141 421
151 456
183 474
225 484
275 470
328 441
377 396
412 340
438 284
450 225
441 169
430 138
404 112
377 110
355 126
337 153
332 191
340 231
354 261
371 295
389 316
407 323
411 327
402 316
384 304
349 295
301 290
245 297
195 315
142 344
100 386
79 423
78 470
94 398
120 522
163 533
217 524
270 496
225 489
356 396
388 342
407 280
401 222
389 187
371 167
346 161
334 171
322 189
313 229
328 268
347 291
363 316
384 334
404 335
411 333
404 318
383 307
346 295
297 282
238 290
185 307
133 331
89 368
66 410
63 457
76 392
103 513
146 524
195 522
249 493
206 490
337 406
373 346
386 286
391 230
380 192
361 170
337 161
313 177
294 204
291 243
294 283
308 323
326 357
344 376
355 377
359 375
346 368
319 350
276 332
212 314
139 316
57 323
-25 340
-99 366
-159 404
-207 427
-241 456
-258 465
-265 457
-268 438
-262 398
-258 340
-260 273
-282 195
-313 124
-349 62
-402 15
-451 -16
-492 -28
-528 -22
-550 8
-554 43
-541 78
-516 111
-486 146
-436 171
-392 185
-352 191
-314 184
-298 186
-292 176
-289 185
-303 200
-315 228
-313 270
-309 318
-282 376
-247 427
-192 477
-127 513
-50 535
31 543
15 526
176 490
240 443
292 391
322 329
332 271
331 228
320 189
313 164
308 156
305 151
319 152
343 146
375 135
412 108
452 69
483 19
499 -48
503 -116
493 -197
462 -270
415 -333
359 -389
292 -418
225 -440
157 -440
106 -428
68 -409
43 -380
25 -362
15 -355
16 -349
19 -356
11 -379
-8 -404
-36 -429
-76 -462
-119 -480
-178 -488
-238 -481
-285 -465
-320 -440
-341 -406
-343 -370
-322 -332
-288 -308
-234 -295
-177 -294
-118 -313
-54 -346
-4 -383
41 -424
73 -465
90 -498
99 -511
102 -507
110 -489
211 -492
140 -397
177 -338
222 -279
268 -219
329 -165
390 -131
441 -97
484 -78
514 -70
529 -70
520 -66
499 -65
471 -49
437 -22
398 13
367 52
350 97
350 132
361 174
389 194
421 198
456 176
495 146
523 96
537 39
540 -32
529 -97
499 -153
462 -204
424 -229
386 -246
352 -238
327 -206
324 -171
331 -130
352 -86
389 -45
430 -12
462 -3
493 7
505 11
511 15
501 22
474 25
432 46
382 80
325 131
276 192
232 258
202 331
182 392
164 445
159 482
152 504
151 505
138 492
113 466
77 424
27 380
-45 344
-118 311
-193 291
-268 282
-327 283
-378 292
-411 300
-426 310
-427 304
-413 288
-392 255
-365 209
-347 140
-333 66
-335 -17
-340 -101
-359 -177
-380 -239
-395 -286
-410 -313
-411 -333
-397 -333
-368 -327
-322 -319
-254 -313
-180 -314
-99 -324
-21 -346
49 -375
108 -412
155 -452
186 -389
190 -512
192 -522
179 -518
168 -507
153 -481
142 -447
146 -407
152 -365
173 -338
192 -320
213 -323
234 -337
230 -374
222 -410
189 -455
155 -495
101 -535
44 -550
-21 -558
-75 -553
-109 -527
-139 -492
-139 -449
-124 -410
-86 -375
-34 -348
25 -338
92 -346
146 -363
192 -393
223 -417
244 -450
248 -474
233 -485
224 -483
198 -471
181 -446
172 -408
174 -372
177 -337
192 -316
207 -301
227 -301
246 -322
240 -359
230 -397
201 -443
149 -483
86 -516
16 -531
-66 -538
-139 -526
-212 -498
-268 -449
-309 -398
-331 -335
-350 -283
-344 -232
-325 -191
-313 -174
-307 -162
-307 -161
-310 -172
-337 -174
-374 -174
-415 -170
-455 -149
-395 -122
-524 -90
-544 -54
-547 -7
-532 27
-502 43
-464 47
-417 31
-368 -9
-325 -53
-292 -125
-272 -202
-267 -274
-270 -336
-272 -389
-283 -427
-285 -447
-280 -447
-257 -439
-229 -414
-176 -386
-105 -365
-30 -348
49 -339
131 -340
200 -359
263 -374
304 -390
326 -413
337 -425
329 -423
313 -413
298 -395
285 -361
269 -324
276 -277
289 -246
305 -218
331 -210
358 -213
374 -246
383 -283
372 -333
349 -381
317 -434
266 -478
200 -513
146 -525
89 -523
46 -509
11 -475
6 -442
22 -401
47 -365
95 -335
151 -316
210 -319
260 -325
305 -343
340 -352
362 -361
367 -369
364 -346
354 -320
341 -273
336 -214
322 -137
331 -53
346 25
369 97
395 159
421 208
440 241
449 259
440 265
416 265
374 265
325 260
247 273
173 296
94 319
19 357
-41 398
-88 441
-125 474
-145 494
-160 503
-165 491
-168 462
-177 415
-194 361
-220 300
-259 243
-298 186
-353 141
-415 120
-462 118
-497 126
-522 156
-525 187
-514 227
-485 259
-443 292
-395 316
-335 328
-284 324
-241 322
-210 308
-189 301
-182 292
-172 301
-177 315
-171 343
-161 382
-134 425
-93 462
-46 495
20 518
90 529
159 520
237 493
202 489
333 398
370 338
383 283
385 232
374 198
349 181
322 180
305 196
288 219
276 263
288 307
302 342
320 368
340 385
358 392
362 383
350 368
331 345
297 328
244 313
187 312
131 327
82 343
35 380
17 421
15 464
33 495
63 520
109 531
163 525
227 502
278 457
322 409
354 351
373 289
377 229
372 183
354 137
337 122
329 111
320 106
329 104
346 110
383 98
412 73
448 38
477 -15
491 -68
497 -143
479 -219
450 -288
402 -347
338 -402
276 -435
210 -453
140 -449
84 -436
39 -411
19 -383
0 -358
-4 -348
-9 -343
-9 -346
-14 -369
-36 -398
-72 -421
-112 -447
-163 -465
-225 -467
-288 -455
-337 -438
-384 -404
-408 -361
-412 -323
-401 -286
-365 -254
-313 -245
-251 -252
-188 -274
-136 -312
-90 -357
-57 -409
-33 -456
-26 -502
-40 -535
-49 -547
-60 -538
-76 -527
-81 -503
-81 -462
-73 -426
-54 -402
-34 -378
-12 -367
-3 -368
2 -385
-8 -417
-43 -442
-82 -462
-132 -478
-189 -490
-250 -482
-303 -459
-341 -435
-367 -398
-375 -357
-355 -322
-321 -298
-268 -290
-208 -284
-143 -307
-82 -334
-32 -380
4 -423
31 -468
40 -500
35 -529
26 -539
10 -532
-11 -512
-23 -484
-29 -453
-24 -413
-8 -385
7 -367
21 -360
34 -368
29 -384
11 -415
-20 -443
-66 -462
-124 -475
-193 -477
-270 -451
-334 -417
-393 -364
-438 -306
-465 -236
-477 -159
-472 -101
-445 -37
-411 7
-383 39
-357 52
-342 58
-327 58
-331 66
-345 73
-361 98
-380 132
-392 173
-393 235
-383 292
-347 359
-304 416
-250 462
-175 500
-102 514
-25 514
50 495
116 464
158 428
185 383
211 344
210 310
211 285
212 277
213 277
228 288
251 292
285 298
336 295
386 271
432 242
480 192
518 131
539 63
543 -8
529 -72
507 -134
477 -180
435 -208
398 -215
368 -208
342 -178
339 -142
344 -103
369 -61
404 -34
438 -9
474 10
506 15
520 9
525 4
514 1
493 0
460 9
426 29
392 67
366 105
344 146
346 190
358 219
388 231
423 230
455 219
495 177
524 122
539 59
544 -11
532 -75
506 -137
477 -180
432 -209
395 -224
363 -212
344 -184
341 -148
350 -106
372 -62
408 -30
443 3
477 22
506 31
516 31
515 36
504 40
479 45
440 58
405 86
362 125
334 171
311 213
313 261
325 298
356 320
391 323
426 312
471 280
501 234
526 170
532 106
526 46
509 -10
479 -49
438 -81
407 -88
374 -72
363 -49
356 -17
365 25
388 63
417 91
441 111
474 128
496 134
505 132
491 132
465 131
421 145
372 157
308 194
243 243
189 290
137 348
96 412
69 462
46 501
40 531
36 538
33 523
19 499
-3 453
-41 408
-85 358
-142 318
-202 288
-272 275
-322 279
-370 298
-400 322
-411 356
-405 395
-366 421
-325 444
-277 454
-222 459
-169 442
-123 419
-95 395
-79 371
-80 355
-93 346
-103 352
-125 371
-141 400
-149 440
-151 474
-140 504
-127 529
-110 535
-93 524
-83 501
-77 466
-84 415
-113 358
-152 307
-204 262
-265 230
-326 223
-374 231
-413 243
-374 206
-447 308
-438 346
-404 384
-357 412
-306 429
-247 437
-189 426
-149 410
-108 386
-89 362
-76 350
-71 342
-67 351
-67 365
-57 395
-33 428
2 462
51 486
114 499
176 499
248 481
313 447
369 400
417 336
444 277
447 213
443 156
428 110
404 89
371 85
355 97
335 121
330 157
340 195
359 223
380 252
405 277
422 283
433 285
425 280
406 274
367 268
308 261
243 273
165 299
94 331
24 361
-35 404
-83 446
-116 480
-130 504
-140 509
-148 498
-152 471
-157 423
-174 367
-211 301
-249 234
-297 172
-357 116
-410 76
-456 48
-501 29
-518 15
-528 11
-511 6
-480 -9
-434 -39
-380 -76
-319 -128
-267 -192
-219 -258
-189 -329
-164 -392
-148 -445
-146 -486
-139 -505
-133 -502
-118 -484
-94 -460
-52 -413
3 -368
77 -331
151 -301
224 -269
298 -258
361 -257
404 -257
437 -259
447 -258
444 -246
428 -225
400 -186
368 -130
342 -62
329 7
323 85
328 161
341 228
356 284
370 321
379 344
389 352
376 342
348 335
304 328
239 316
165 316
91 327
15 346
-58 376
-119 410
-162 446
-201 471
-216 487
-222 483
-223 467
-222 434
-217 382
-230 316
-254 247
-292 179
-336 119
-393 75
-445 49
-489 39
-524 52
-550 72
-557 98
-544 136
-518 171
-484 195
-436 217
-392 237
-348 232
-314 223
-293 214
-292 209
-295 201
-316 208
-339 231
-356 261
-375 293
-383 326
-383 367
-368 404
-345 422
-321 423
-296 410
-377 370
-259 321
-260 251
-275 179
-307 106
-347 35
-391 -26
-438 -70
-477 -107
-502 -125
-513 -136
-510 -136
-483 -140
-435 -153
-376 -170
-307 -203
-243 -246
-182 -297
-133 -353
-93 -410
-69 -462
-25 -411
-66 -531
-79 -539
-91 -535
-99 -518
-107 -490
-108 -446
-97 -410
-75 -380
-51 -365
-30 -355
-21 -359
-14 -376
-32 -402
-65 -422
-115 -438
-174 -444
-242 -436
-319 -412
-386 -362
-444 -303
-485 -233
-511 -156
-513 -77
-498 -5
-473 55
-435 105
-395 133
-362 143
-331 150
-320 144
-319 139
-329 143
-357 146
-385 159
-413 188
-436 226
-449 260
-452 296
-447 319
-423 336
-398 333
-367 321
-338 285
-316 229
-312 161
-319 88
-340 18
-369 -42
-408 -86
-450 -121
-392 -137
-523 -129
-541 -108
-546 -79
-541 -46
-520 -9
-484 27
-450 53
-407 66
-373 68
-352 64
-340 66
-340 70
-355 81
-370 107
-389 144
-404 197
-399 260
-389 320
-354 386
-310 446
-252 489
-181 520
-194 492
-34 529
41 513
98 473
135 435
155 398
169 361
157 338
137 336
112 343
94 362
77 395
77 433
79 471
51 410
107 516
122 521
130 508
132 488
116 456
88 415
42 377
-20 350
-82 331
-146 321
-204 334
-243 360
-265 393
-272 433
-262 471
-226 504
-175 526
-118 530
-58 526
3 502
55 473
97 432
124 395
135 359
146 335
149 322
149 319
161 325
176 340
211 354
255 359
304 354
365 331
412 299
468 250
506 182
529 108
535 35
532 -42
506 -104
477 -159
434 -188
395 -203
367 -194
342 -165
336 -127
343 -88
366 -46
402 -10
442 13
474 31
503 39
518 46
518 37
504 37
484 40
445 54
403 75
365 104
335 151
316 187
313 236
328 271
358 293
393 295
434 279
474 247
511 193
528 138
531 69
526 -3
508 -52
481 -98
441 -126
404 -133
380 -114
355 -88
351 -52
359 -9
379 34
413 65
442 92
474 110
498 116
509 114
501 109
474 110
435 123
374 147
315 184
249 228
189 283
139 346
98 406
72 459
54 497
47 524
43 531
33 517
21 488
-3 449
-41 401
-92 352
-149 324
-213 290
-275 274
-335 282
-376 300
-402 328
-411 363
-398 404
-368 431
-323 455
-270 467
-216 468
-158 453
-112 430
-79 405
-64 377
-53 357
-61 352
-75 354
-95 371
-108 400
-112 438
-111 474
-107 407
-87 529
-69 537
-52 528
-40 507
-41 474
-50 419
-82 364
-131 310
-193 264
-252 221
-325 188
-389 173
-436 163
-481 163
-499 164
-499 161
-489 146
-458 126
-414 85
-374 33
-333 -34
-303 -110
-282 -193
-276 -268
-277 -329
-281 -381
-292 -421
-294 -435
-288 -434
-268 -419
-228 -394
-182 -368
-109 -343
-34 -335
43 -325
122 -328
198 -341
254 -365
295 -384
323 -395
332 -397
331 -382
322 -356
310 -307
301 -243
303 -169
319 -88
331 -6
363 74
391 134
423 186
443 216
463 236
460 241
439 242
404 244
349 240
281 252
205 276
127 313
55 355
0 404
-49 444
-79 480
-101 512
-108 520
-113 509
-119 486
-131 439
-144 384
-181 316
-228 255
-281 188
-338 135
-398 95
-459 66
-502 50
-529 38
-537 34
-523 30
-493 16
-451 -9
-397 -50
-343 -101
-298 -163
-255 -230
-228 -299
-215 -362
-215 -417
-225 -454
-245 -480
-267 -483
-282 -469
-285 -445
-289 -413
-279 -374
-256 -341
-230 -312
-208 -300
-197 -298
-187 -301
-193 -314
-219 -328
-258 -335
-301 -330
-363 -308
-417 -279
-471 -228
-517 -161
-541 -87
-548 -11
-541 69
-518 138
-469 202
-416 242
-362 273
-316 285
-273 286
-246 276
-237 267
-237 262
-247 264
-268 280
-295 307
-307 347
-312 380
-311 417
-301 456
-289 471
-260 470
-240 460
-222 428
-210 383
-211 318
-236 251
-271 191
-311 138
-363 96
-417 70
-471 63
-418 38
-533 103
-541 131
-526 173
-500 213
-464 245
-416 265
-365 276
-320 277
-288 270
-252 257
-237 258
-232 257
-232 271
-236 290
-237 328
-219 377
-196 423
-151 467
-95 504
-27 531
53 544
130 534
206 508
270 464
322 413
361 351
377 295
376 242
365 211
331 193
307 186
286 207
271 237
264 268
267 310
282 347
298 376
311 399
325 405
323 399
313 387
281 370
237 347
170 331
99 327
16 326
-67 340
-140 370
-200 397
-240 420
-268 443
-286 454
-282 449
-277 421
-274 377
-263 326
-275 249
-292 181
-322 112
-363 51
-410 6
-457 -25
-504 -34
-540 -27
-559 -1
-563 33
-556 66
-529 104
-499 133
-446 154
-410 161
-370 163
-340 150
-328 140
-328 133
-345 129
-368 139
-395 158
-426 188
-444 230
-456 270
-455 311
-447 340
-426 354
-391 356
-366 342
-338 307
-311 257
-307 191
-317 122
-337 51
-373 -4
-417 -43
-462 -77
-507 -86
-545 -77
-565 -50
-572 -17
-562 21
-538 58
-505 88
-461 111
-419 124
-385 119
-353 116
-340 106
-344 103
-360 99
-380 114
-412 135
-438 167
-456 208
-467 251
-464 294
-459 322
-434 343
-406 346
-377 330
-341 294
-320 237
-312 169
-317 99
-337 30
-372 -34
-410 -80
-457 -111
-398 -122
-526 -118
-552 -97
-554 -69
-544 -28
-529 1
-490 38
-455 65
-413 76
-375 79
-350 83
-341 85
-334 85
-349 95
-361 120
-381 158
-389 212
-389 269
-381 333
-349 398
-301 459
-239 496
-168 528
-92 538
-19 532
54 514
116 481
158 434
176 392
188 353
178 333
160 320
139 319
117 340
103 370
101 407
100 447
107 475
126 497
136 504
139 492
135 477
116 447
84 407
30 365
-39 335
-116 309
-197 293
-274 291
-338 297
-391 305
-425 317
-438 319
-441 310
-426 292
-401 251
-377 200
-358 128
-348 51
-341 -27
-349 -101
-372 -169
-399 -215
-434 -246
-465 -259
-489 -252
-505 -222
-507 -191
-498 -156
-482 -123
-443 -86
-413 -66
-377 -58
-356 -57
-344 -56
-345 -58
-359 -55
-384 -45
-419 -24
-447 15
-474 66
-485 131
-488 204
-467 277
-432 343
-375 405
-308 445
-242 472
-165 480
-98 471
-41 449
-7 421
18 383
18 361
8 348
-7 342
-31 356
-45 384
-54 419
-54 455
-49 489
-33 517
-11 531
10 531
24 511
21 481
12 438
-23 389
-70 343
-135 302
-202 266
-275 241
-347 228
-407 224
-451 223
-481 231
-493 227
-482 219
-460 197
-425 159
-392 103
-355 32
-337 -41
-323 -118
-325 -198
-344 -252
-365 -301
-388 -326
-422 -338
-442 -330
-453 -303
-455 -275
-446 -241
-424 -200
-402 -174
-373 -148
-343 -137
-327 -138
-316 -136
-318 -139
-340 -137
-374 -125
-410 -97
-443 -59
-480 6
-411 25
-505 139
-489 211
-459 282
-416 346
-353 399
-287 430
-219 447
-152 444
-95 430
-54 408
-31 377
-15 355
-9 344
-11 344
-16 349
-5 370
17 395
51 423
100 447
158 461
221 454
292 431
358 398
412 336
451 276
475 204
486 134
480 65
451 9
421 -32
389 -66
359 -79
335 -90
330 -97
325 -103
332 -104
340 -133
358 -164
362 -215
358 -273
340 -326
300 -389
250 -443
184 -487
108 -516
33 -523
-48 -517
-117 -491
-176 -456
-219 -407
-252 -353
-268 -307
-266 -271
-262 -241
-258 -228
-255 -220
-266 -219
-284 -227
-316 -234
-356 -218
-402 -196
-443 -154
-480 -107
-515 -44
-529 34
-525 108
-502 182
-459 249
-415 303
-352 348
-289 361
-228 371
-185 369
-144 355
-122 337
-114 330
-110 324
-107 337
-107 349
-97 385
-71 419
-31 454
21 480
43 406
150 499
230 484
297 450
357 402
406 342
431 284
447 219
439 164
419 119
393 101
358 98
334 115
311 144
306 183
316 225
335 263
356 297
381 319
398 332
405 329
397 321
377 311
334 298
279 293
206 301
139 315
67 340
-4 373
-61 413
-102 451
-137 483
-155 508
-164 516
-161 506
-165 477
-170 432
-181 378
-202 304
-240 249
-284 196
-335 154
-392 127
-441 115
-486 122
-507 146
-516 174
-508 218
-477 253
-441 281
-396 303
-341 313
-291 307
-252 303
-224 285
-207 276
-201 270
-198 275
-199 289
-198 319
-190 361
-162 402
-123 446
-67 480
-3 511
73 516
143 510
221 483
283 439
337 394
381 326
401 259
403 195
393 149
381 105
362 85
348 70
337 67
343 60
355 64
386 51
417 31
444 0
471 -54
485 -115
484 -178
475 -247
447 -316
401 -366
346 -406
299 -426
250 -428
205 -410
183 -384
179 -337
195 -298
226 -258
265 -221
321 -196
371 -185
420 -186
451 -180
480 -182
486 -182
478 -171
456 -146
421 -111
386 -54
352 16
324 97
308 177
301 256
301 323
307 376
323 411
325 423
321 426
303 415
280 396
234 371
179 354
118 346
52 351
-3 368
-49 398
-69 434
-79 474
-70 507
-43 534
8 550
64 550
127 526
178 502
234 449
272 399
300 347
307 291
309 245
304 218
298 198
297 186
296 189
312 192
337 192
374 181
412 164
452 125
486 80
511 19
524 -51
521 -122
502 -194
470 -247
430 -292
394 -314
344 -319
307 -308
286 -273
280 -229
292 -185
317 -147
355 -109
404 -86
444 -69
477 -62
503 -68
514 -73
508 -72
493 -72
466 -58
431 -38
404 -6
373 36
359 88
362 127
377 161
407 181
436 187
476 161
510 125
537 74
550 9
546 -63
532 -133
501 -197
458 -251
419 -280
371 -285
339 -278
320 -251
314 -209
319 -170
347 -130
383 -98
420 -76
462 -66
497 -54
520 -60
528 -60
517 -66
498 -61
464 -47
428 -23
392 16
361 55
348 104
346 150
361 183
389 201
421 207
463 186
498 149
526 95
539 33
541 -42
526 -115
488 -179
443 -240
390 -282
335 -307
282 -314
237 -318
212 -304
189 -295
179 -291
181 -296
183 -306
177 -334
162 -373
134 -421
95 -458
43 -489
-31 -513
-107 -520
-184 -508
-261 -477
-328 -427
-382 -366
-418 -302
-437 -234
-435 -162
-425 -104
-404 -66
-377 -40
-360 -19
-352 -13
-347 -12
-362 -19
-383 -13
-419 -3
-448 18
-477 51
-409 44
-520 124
-516 157
-505 188
-478 204
-451 197
-413 177
-371 133
-343 69
-324 2
-313 -77
-319 -158
-332 -231
-348 -288
-368 -334
-383 -362
-389 -375
-376 -368
-346 -364
-297 -344
-235 -330
-159 -322
-74 -330
9 -346
86 -374
144 -397
190 -434
219 -462
231 -483
228 -494
216 -489
201 -480
183 -447
174 -415
177 -377
186 -337
199 -315
219 -301
239 -306
253 -328
247 -365
235 -402
208 -446
159 -489
105 -533
46 -552
-24 -560
-81 -544
-123 -528
-156 -497
-167 -454
-148 -416
-113 -384
-64 -357
-7 -348
61 -352
121 -369
172 -395
209 -423
234 -450
242 -472
233 -481
224 -476
213 -465
197 -430
190 -395
196 -353
207 -316
225 -290
250 -279
276 -284
292 -301
293 -341
275 -386
245 -431
204 -480
129 -517
59 -539
-23 -546
-2 -535
-170 -508
-238 -462
-281 -409
-310 -353
-315 -301
-318 -254
-308 -217
-298 -201
-298 -196
-296 -194
-313 -196
-340 -204
-380 -195
-425 -190
-465 -164
-504 -140
-539 -103
-554 -65
-559 -25
-544 2
-512 18
-473 17
-422 2
-371 -37
-333 -89
-296 -151
-277 -220
-267 -292
-273 -351
-285 -402
-309 -428
-334 -444
-349 -438
-361 -422
-363 -385
-352 -347
-334 -316
-316 -286
-283 -269
-267 -262
-248 -266
-243 -269
-259 -279
-288 -289
-332 -294
-378 -284
-424 -262
-474 -231
-508 -188
-533 -147
-536 -104
-523 -67
-498 -44
-449 -33
-401 -41
-349 -76
-304 -124
-266 -185
-240 -254
-228 -319
-222 -378
-223 -426
-230 -461
-230 -468
-221 -464
-206 -443
-167 -415
-112 -383
-45 -356
33 -337
105 -325
183 -325
250 -334
303 -350
344 -361
368 -370
373 -378
368 -358
355 -333
335 -285
321 -218
314 -142
317 -59
331 22
357 93
382 151
409 203
434 237
445 250
442 254
418 253
383 250
330 249
255 260
181 276
106 310
34 344
-24 389
-72 434
-107 468
-127 490
-138 498
-141 491
-146 465
-156 419
-172 361
-205 296
-246 237
-290 173
-350 118
-407 84
-459 51
-502 33
-522 19
-533 16
-514 9
-486 -6
-443 -31
-386 -62
-328 -119
-276 -182
-225 -256
-193 -320
-164 -392
-149 -448
-141 -481
-136 -504
-127 -502
-111 -484
-79 -453
-48 -408
16 -365
83 -324
155 -288
234 -262
307 -249
373 -243
421 -240
454 -246
468 -240
462 -234
441 -208
409 -169
374 -118
348 -48
333 28
320 110
316 183
334 250
341 303
358 343
364 368
368 374
350 368
316 355
270 338
207 319
133 314
54 322
-28 334
-95 358
-155 387
-204 419
-231 446
-249 464
-245 460
-245 448
-241 410
-231 355
-243 290
-260 214
-295 143
-331 74
-382 12
-427 -33
-471 -67
-505 -84
-522 -93
-520 -94
-498 -98
-458 -107
-412 -121
-345 -153
-282 -195
-223 -246
-174 -307
-139 -370
-121 -426
-110 -474
-118 -509
-135 -523
-151 -523
-164 -508
-182 -479
-186 -439
-179 -404
-168 -375
-144 -346
-130 -337
-115 -334
-107 -347
-122 -363
-148 -381
-194 -392
-245 -395
-307 -381
-372 -349
-431 -304
-474 -248
-513 -175
-534 -100
-532 -28
-514 45
-484 100
-437 148
-395 173
-357 187
-323 180
-306 182
-292 173
-297 182
-310 189
-323 215
-331 255
-332 302
-316 354
-251 320
-244 462
-182 506
-119 531
-45 537
36 529
100 505
154 464
193 422
218 377
226 341
212 312
197 302
179 307
163 324
150 357
149 394
155 435
167 460
182 484
197 493
212 489
214 471
195 445
168 412
124 383
66 358
2 346
-60 343
-116 362
-164 390
-192 427
-202 462
-183 501
-149 532
-102 548
-39 553
27 541
87 513
139 475
182 425
209 377
225 338
221 299
226 272
219 262
225 259
234 265
260 269
291 274
341 260
389 239
438 198
483 146
515 77
526 3
529 -77
514 -151
479 -224
430 -283
378 -323
319 -352
265 -362
217 -359
185 -341
158 -331
149 -324
142 -322
143 -329
143 -355
127 -385
99 -421
70 -461
28 -492
-35 -515
-103 -533
-158 -530
-218 -511
-264 -480
-288 -443
-295 -406
-282 -362
-244 -336
-197 -323
-137 -320
-79 -328
-16 -358
33 -393
71 -431
98 -468
108 -502
106 -522
94 -520
83 -517
72 -494
58 -458
66 -420
79 -386
93 -357
119 -342
133 -343
149 -355
157 -384
138 -421
107 -456
58 -489
0 -516
-75 -527
-149 -520
-224 -490
-287 -447
-339 -396
-384 -327
-404 -262
-407 -197
-391 -147
-382 -103
-362 -76
-343 -59
-339 -56
-341 -50
-352 -52
-373 -36
-402 -15
-432 18
-456 76
-466 130
-464 202
-446 272
-408 340
-352 398
-286 445
-212 471
-134 483
-70 476
-5 451
43 426
79 398
88 365
103 344
108 334
115 334
127 339
146 353
185 363
231 368
284 369
348 344
409 315
462 271
506 205
533 134
537 62
532 -12
516 -72
481 -116
439 -147
407 -155
377 -139
346 -114
340 -66
350 -24
370 21
404 61
438 87
471 107
494 115
498 117
497 111
474 116
433 124
378 138
318 168
255 213
195 265
144 325
100 384
72 441
57 480
42 511
35 518
27 511
14 487
-11 441
-50 390
-101 337
-161 287
-228 240
-304 209
-365 197
-423 185
-471 178
-488 176
-493 173
-481 156
-458 135
-417 100
-377 45
-344 -22
-316 -101
-297 -179
-291 -253
-295 -325
-303 -376
-315 -414
-322 -426
-316 -432
-303 -419
-269 -398
-221 -374
-159 -352
-81 -340
5 -337
82 -346
154 -366
213 -393
253 -411
283 -440
292 -456
288 -460
273 -452
259 -428
241 -395
235 -363
239 -315
249 -279
267 -252
295 -238
320 -239
332 -267
342 -302
331 -352
274 -311
274 -449
224 -493
157 -526
97 -535
40 -535
-9 -516
-34 -481
-49 -452
-39 -407
-5 -370
41 -346
95 -332
155 -334
208 -349
250 -374
283 -396
301 -416
301 -433
301 -442
284 -431
271 -416
253 -384
245 -344
243 -300
259 -264
276 -239
303 -225
327 -233
341 -261
351 -296
338 -346
277 -310
268 -446
211 -485
138 -520
61 -527
-18 -520
-82 -502
-143 -466
-187 -420
-218 -371
-231 -329
-234 -290
-230 -263
-231 -246
-232 -243
-240 -249
-268 -243
-301 -249
-347 -235
-397 -217
-447 -176
-483 -128
-519 -62
-533 8
-536 87
-517 158
-481 228
-436 277
-386 320
-322 343
-262 352
-224 348
-191 325
-174 316
-169 307
-177 305
-188 310
-201 337
-204 374
-196 415
-179 455
-152 492
-115 524
-80 544
-33 546
9 535
44 511
51 477
55 438
42 404
15 372
-26 357
-66 348
-110 362
-141 390
-162 423
-162 462
-152 492
-131 527
-97 544
-59 545
-22 538
11 512
27 475
34 442
18 407
-5 370
-43 352
-83 350
-125 365
-154 392
-170 423
-168 460
-155 492
-131 518
-104 524
-59 522
-25 498
11 465
34 421
38 361
30 304
9 260
-24 208
-58 187
-91 170
-116 166
-129 176
-131 189
-116 200
-91 209
-52 202
-13 189
27 164
58 124
75 80
88 27
76 -18
53 -55
22 -82
-19 -90
-55 -82
-81 -62
-103 -30
-106 9
-91 45
-65 73
-26 90
9 89
42 79
75 54
90 22
92 -15
79 -52
55 -82
19 -97
-14 -101
-52 -88
-81 -62
-101 -28
-106 9
-94 49
-65 73
-34 95
5 98
42 82
73 58
92 24
93 -11
85 -49
60 -77
30 -95
-12 -97
-45 -88
-73 -65
-92 -28
-99 8
-85 45
-56 72
-22 90
15 92
49 85
81 62
95 26
92 -15
82 -52
57 -76
22 -95
-15 -98
-52 -85
-80 -59
-101 -28
-98 15
-91 45
-61 75
-24 92
13 94
49 88
79 63
92 28
93 -11
85 -45
57 -69
22 -90
-13 -94
-52 -79
-79 -56
-97 -28
-100 11
-91 49
-60 77
-28 92
11 93
49 85
75 61
97 28
100 -11
88 -45
61 -75
24 -92
-13 -94
-52 -82
-79 -56
-92 -28
-96 9
-88 45
-61 75
-26 90
11 100
52 79
73 58
92 24
94 -13
82 -46
58 -73
26 -90
-11 -100
-49 -88
-75 -61
-90 -30
-95 7
-85 49
-57 76
-22 95
13 94
49 82
81 62
97 28
94 -13
85 -49
58 -73
22 -90
-16 -96
-55 -88
-80 -59
-97 -28
-100 11
-85 45
-58 73
-26 99
8 99
49 88
79 63
92 24
93 -17
85 -49
54 -75
22 -90
-16 -96
-55 -88
-80 -59
-99 -26
-101 14
-88 52
-59 80
-24 97
12 97
49 88
79 63
97 28
100 -11
88 -49
60 -77
30 -95
-11 -100
-46 -88
-75 -61
-95 -30
-96 9
-85 45
-60 77
-24 92
9 96
